#Iteracion	Raiz	Valor en la funcion	Error aproximado
1		0.859402  	23.419250  	6.912021
2		0.917758  	23.010478  	6.358558
3		0.975088  	22.608843  	5.879421
4		1.031409  	22.214221  	5.460646
5		1.086741  	21.826489  	5.091561
6		1.141102  	21.445527  	4.763869
7		1.194509  	21.071215  	4.471022
8		1.246979  	20.703440  	4.207784
9		1.298530  	20.342084  	3.969918
10		1.349177  	19.987038  	3.753957
11		1.398938  	19.638190  	3.557040
12		1.447828  	19.295432  	3.376781
13		1.495863  	18.958658  	3.211177
14		1.543058  	18.627763  	3.058534
15		1.589428  	18.302644  	2.917410
16		1.634988  	17.983201  	2.786568
17		1.679752  	17.669334  	2.664942
18		1.723735  	17.360946  	2.551608
19		1.766951  	17.057941  	2.445762
20		1.809412  	16.760226  	2.346701
21		1.851133  	16.467707  	2.253806
22		1.892127  	16.180295  	2.166533
23		1.932406  	15.897899  	2.084397
24		1.971983  	15.620433  	2.006971
25		2.010870  	15.347810  	1.933870
26		2.049081  	15.079945  	1.864753
27		2.086625  	14.816756  	1.799312
28		2.123517  	14.558161  	1.737271
29		2.159766  	14.304079  	1.678380
30		2.195384  	14.054433  	1.622414
31		2.230382  	13.809143  	1.569167
32		2.264772  	13.568135  	1.518455
33		2.298563  	13.331334  	1.470106
34		2.331767  	13.098665  	1.423967
35		2.364393  	12.870058  	1.379896
36		2.396452  	12.645441  	1.337763
37		2.427953  	12.424744  	1.297450
38		2.458907  	12.207899  	1.258845
39		2.489323  	11.994838  	1.221849
40		2.519210  	11.785497  	1.186368
41		2.548578  	11.579809  	1.152316
42		2.577435  	11.377711  	1.119613
43		2.605791  	11.179140  	1.088186
44		2.633654  	10.984035  	1.057965
45		2.661033  	10.792335  	1.028886
46		2.687936  	10.603980  	1.000891
47		2.714372  	10.418914  	0.973924
48		2.740349  	10.237077  	0.947933
49		2.765874  	10.058413  	0.922869
50		2.790956  	9.882868  	0.898688
51		2.815603  	9.710387  	0.875347
52		2.839821  	9.540916  	0.852806
53		2.863618  	9.374402  	0.831029
54		2.887002  	9.210795  	0.809980
55		2.909980  	9.050043  	0.789626
56		2.932559  	8.892097  	0.769936
57		2.954746  	8.736907  	0.750882
58		2.976547  	8.584425  	0.732436
59		2.997970  	8.434605  	0.714571
60		3.019020  	8.287400  	0.697263
61		3.039705  	8.142763  	0.680490
62		3.060031  	8.000651  	0.664228
63		3.080003  	7.861019  	0.648458
64		3.099629  	7.723825  	0.633160
65		3.118914  	7.589024  	0.618315
66		3.137863  	7.456576  	0.603905
67		3.156484  	7.326440  	0.589914
68		3.174781  	7.198574  	0.576325
69		3.192760  	7.072941  	0.563124
70		3.210427  	6.949499  	0.550297
71		3.227787  	6.828213  	0.537828
72		3.244845  	6.709043  	0.525706
73		3.261607  	6.591952  	0.513918
74		3.278078  	6.476906  	0.502452
75		3.294263  	6.363867  	0.491296
76		3.310166  	6.252801  	0.480440
77		3.325793  	6.143673  	0.469874
78		3.341148  	6.036450  	0.459587
79		3.356237  	5.931098  	0.449570
80		3.371064  	5.827585  	0.439815
81		3.385632  	5.725878  	0.430312
82		3.399948  	5.625946  	0.421053
83		3.414015  	5.527758  	0.412031
84		3.427837  	5.431284  	0.403237
85		3.441419  	5.336494  	0.394664
86		3.454765  	5.243358  	0.386306
87		3.467879  	5.151847  	0.378156
88		3.480765  	5.061934  	0.370207
89		3.493427  	4.973589  	0.362452
90		3.505869  	4.886787  	0.354887
91		3.518094  	4.801499  	0.347506
92		3.530108  	4.717700  	0.340302
93		3.541912  	4.635363  	0.333271
94		3.553511  	4.554464  	0.326407
95		3.564908  	4.474976  	0.319706
96		3.576107  	4.396875  	0.313163
97		3.587111  	4.320138  	0.306773
98		3.597924  	4.244739  	0.300532
99		3.608549  	4.170657  	0.294436
100		3.618989  	4.097868  	0.288481
101		3.629247  	4.026349  	0.282662
102		3.639328  	3.956078  	0.276976
103		3.649232  	3.887033  	0.271420
104		3.658965  	3.819193  	0.265989
105		3.668528  	3.752538  	0.260681
106		3.677925  	3.687046  	0.255491
107		3.687158  	3.622696  	0.250418
108		3.696231  	3.559470  	0.245457
109		3.705145  	3.497347  	0.240606
110		3.713905  	3.436309  	0.235862
111		3.722512  	3.376335  	0.231222
112		3.730970  	3.317409  	0.226684
113		3.739280  	3.259511  	0.222244
114		3.747446  	3.202623  	0.217901
115		3.755470  	3.146728  	0.213651
116		3.763354  	3.091809  	0.209493
117		3.771100  	3.037848  	0.205425
118		3.778712  	2.984828  	0.201443
119		3.786192  	2.932735  	0.197545
120		3.793541  	2.881550  	0.193731
121		3.800762  	2.831259  	0.189997
122		3.807858  	2.781845  	0.186342
123		3.814830  	2.733294  	0.182763
124		3.821681  	2.685590  	0.179260
125		3.828412  	2.638718  	0.175829
126		3.835026  	2.592665  	0.172470
127		3.841526  	2.547415  	0.169180
128		3.847912  	2.502956  	0.165959
129		3.854186  	2.459272  	0.162804
130		3.860352  	2.416350  	0.159714
131		3.866410  	2.374178  	0.156687
132		3.872363  	2.332741  	0.153721
133		3.878212  	2.292028  	0.150817
134		3.883959  	2.252025  	0.147971
135		3.889606  	2.212721  	0.145183
136		3.895154  	2.174102  	0.142451
137		3.900607  	2.136158  	0.139775
138		3.905964  	2.098876  	0.137152
139		3.911227  	2.062244  	0.134582
140		3.916400  	2.026252  	0.132063
141		3.921482  	1.990887  	0.129594
142		3.926475  	1.956140  	0.127175
143		3.931382  	1.922000  	0.124804
144		3.936203  	1.888455  	0.122479
145		3.940940  	1.855496  	0.120201
146		3.945594  	1.823112  	0.117968
147		3.950168  	1.791293  	0.115778
148		3.954661  	1.760030  	0.113632
149		3.959077  	1.729312  	0.111528
150		3.963415  	1.699130  	0.109465
151		3.967678  	1.669475  	0.107442
152		3.971867  	1.640338  	0.105458
153		3.975983  	1.611709  	0.103513
154		3.980027  	1.583580  	0.101606
155		3.984000  	1.555941  	0.099736
156		3.987904  	1.528785  	0.097902
157		3.991741  	1.502103  	0.096104
158		3.995510  	1.475887  	0.094340
159		3.999214  	1.450128  	0.092610
160		4.002853  	1.424819  	0.090913
161		4.006428  	1.399952  	0.089249
162		4.009942  	1.375518  	0.087617
163		4.013394  	1.351511  	0.086016
164		4.016786  	1.327923  	0.084445
165		4.020119  	1.304747  	0.082905
166		4.023394  	1.281975  	0.081393
167		4.026611  	1.259601  	0.079911
168		4.029773  	1.237617  	0.078456
169		4.032879  	1.216016  	0.077029
170		4.035932  	1.194793  	0.075629
171		4.038931  	1.173940  	0.074256
172		4.041878  	1.153451  	0.072908
173		4.044773  	1.133320  	0.071586
174		4.047618  	1.113540  	0.070289
175		4.050414  	1.094105  	0.069016
176		4.053160  	1.075010  	0.067766
177		4.055859  	1.056248  	0.066541
178		4.058511  	1.037813  	0.065338
179		4.061116  	1.019700  	0.064158
180		4.063677  	1.001903  	0.062999
181		4.066192  	0.984416  	0.061863
182		4.068664  	0.967235  	0.060747
183		4.071092  	0.950354  	0.059652
184		4.073478  	0.933767  	0.058578
185		4.075823  	0.917470  	0.057523
186		4.078126  	0.901457  	0.056489
187		4.080390  	0.885724  	0.055473
188		4.082614  	0.870265  	0.054476
189		4.084799  	0.855076  	0.053497
190		4.086946  	0.840153  	0.052537
191		4.089056  	0.825489  	0.051594
192		4.091129  	0.811082  	0.050669
193		4.093166  	0.796926  	0.049760
194		4.095167  	0.783017  	0.048869
195		4.097133  	0.769351  	0.047993
196		4.099065  	0.755923  	0.047134
197		4.100964  	0.742730  	0.046291
198		4.102829  	0.729767  	0.045463
199		4.104662  	0.717030  	0.044650
200		4.106463  	0.704516  	0.043852
201		4.108232  	0.692220  	0.043069
202		4.109970  	0.680138  	0.042300
203		4.111679  	0.668268  	0.041545
204		4.113357  	0.656604  	0.040803
205		4.115006  	0.645145  	0.040076
206		4.116627  	0.633885  	0.039361
207		4.118219  	0.622821  	0.038660
208		4.119783  	0.611951  	0.037971
209		4.121320  	0.601271  	0.037295
210		4.122830  	0.590777  	0.036631
211		4.124314  	0.580466  	0.035979
212		4.125772  	0.570335  	0.035339
213		4.127205  	0.560381  	0.034711
214		4.128612  	0.550600  	0.034094
215		4.129995  	0.540990  	0.033488
216		4.131354  	0.531548  	0.032893
217		4.132689  	0.522271  	0.032308
218		4.134001  	0.513156  	0.031735
219		4.135290  	0.504200  	0.031172
220		4.136557  	0.495400  	0.030618
221		4.137801  	0.486753  	0.030075
222		4.139024  	0.478258  	0.029542
223		4.140226  	0.469911  	0.029018
224		4.141406  	0.461709  	0.028504
225		4.142566  	0.453651  	0.027999
226		4.143706  	0.445733  	0.027503
227		4.144825  	0.437954  	0.027016
228		4.145926  	0.430310  	0.026537
229		4.147007  	0.422800  	0.026068
230		4.148069  	0.415421  	0.025606
231		4.149112  	0.408170  	0.025153
232		4.150138  	0.401046  	0.024708
233		4.151145  	0.394047  	0.024271
234		4.152135  	0.387169  	0.023842
235		4.153108  	0.380412  	0.023421
236		4.154064  	0.373773  	0.023007
237		4.155003  	0.367249  	0.022600
238		4.155925  	0.360839  	0.022201
239		4.156832  	0.354542  	0.021809
240		4.157723  	0.348354  	0.021424
241		4.158598  	0.342274  	0.021046
242		4.159458  	0.336300  	0.020674
243		4.160303  	0.330431  	0.020310
244		4.161133  	0.324663  	0.019951
245		4.161949  	0.318997  	0.019599
246		4.162750  	0.313429  	0.019254
247		4.163538  	0.307959  	0.018914
248		4.164311  	0.302584  	0.018581
249		4.165072  	0.297303  	0.018253
250		4.165819  	0.292114  	0.017931
251		4.166553  	0.287016  	0.017615
252		4.167274  	0.282007  	0.017305
253		4.167982  	0.277085  	0.017000
254		4.168679  	0.272249  	0.016701
255		4.169363  	0.267497  	0.016407
256		4.170035  	0.262828  	0.016118
257		4.170695  	0.258241  	0.015834
258		4.171344  	0.253734  	0.015555
259		4.171982  	0.249305  	0.015282
260		4.172608  	0.244954  	0.015013
261		4.173223  	0.240679  	0.014749
262		4.173828  	0.236478  	0.014489
263		4.174422  	0.232351  	0.014234
264		4.175006  	0.228296  	0.013984
265		4.175580  	0.224311  	0.013738
266		4.176144  	0.220396  	0.013497
267		4.176697  	0.216550  	0.013259
268		4.177242  	0.212770  	0.013026
269		4.177776  	0.209057  	0.012797
270		4.178301  	0.205408  	0.012573
271		4.178818  	0.201823  	0.012352
272		4.179325  	0.198300  	0.012135
273		4.179823  	0.194839  	0.011921
274		4.180313  	0.191439  	0.011712
275		4.180794  	0.188098  	0.011506
276		4.181266  	0.184815  	0.011304
277		4.181731  	0.181589  	0.011106
278		4.182187  	0.178420  	0.010911
279		4.182635  	0.175306  	0.010719
280		4.183076  	0.172246  	0.010531
281		4.183509  	0.169240  	0.010346
282		4.183934  	0.166286  	0.010165
283		4.184352  	0.163384  	0.009986
284		4.184763  	0.160532  	0.009811
285		4.185166  	0.157730  	0.009639
286		4.185562  	0.154978  	0.009470
287		4.185952  	0.152273  	0.009304
288		4.186334  	0.149615  	0.009141
289		4.186710  	0.147004  	0.008980
290		4.187080  	0.144438  	0.008823
291		4.187443  	0.141917  	0.008668
292		4.187799  	0.139440  	0.008516
293		4.188150  	0.137007  	0.008367
294		4.188494  	0.134615  	0.008220
295		4.188832  	0.132266  	0.008076
296		4.189165  	0.129957  	0.007934
297		4.189491  	0.127689  	0.007795
298		4.189812  	0.125461  	0.007659
299		4.190128  	0.123271  	0.007524
300		4.190437  	0.121119  	0.007393
301		4.190742  	0.119005  	0.007263
302		4.191041  	0.116928  	0.007136
303		4.191335  	0.114888  	0.007011
304		4.191623  	0.112882  	0.006888
305		4.191907  	0.110912  	0.006767
306		4.192186  	0.108977  	0.006649
307		4.192460  	0.107075  	0.006532
308		4.192729  	0.105206  	0.006418
309		4.192993  	0.103370  	0.006306
310		4.193253  	0.101565  	0.006195
311		4.193508  	0.099793  	0.006087
312		4.193759  	0.098051  	0.005980
313		4.194005  	0.096340  	0.005875
314		4.194247  	0.094658  	0.005772
315		4.194485  	0.093006  	0.005671
316		4.194719  	0.091383  	0.005572
317		4.194949  	0.089788  	0.005475
318		4.195174  	0.088221  	0.005379
319		4.195396  	0.086681  	0.005285
320		4.195614  	0.085168  	0.005192
321		4.195828  	0.083682  	0.005101
322		4.196038  	0.082221  	0.005012
323		4.196245  	0.080786  	0.004924
324		4.196448  	0.079376  	0.004838
325		4.196647  	0.077991  	0.004753
326		4.196843  	0.076630  	0.004670
327		4.197036  	0.075292  	0.004589
328		4.197225  	0.073978  	0.004508
329		4.197411  	0.072687  	0.004429
330		4.197594  	0.071418  	0.004352
331		4.197773  	0.070172  	0.004276
332		4.197950  	0.068947  	0.004201
333		4.198123  	0.067744  	0.004127
334		4.198293  	0.066561  	0.004055
335		4.198460  	0.065400  	0.003984
336		4.198625  	0.064258  	0.003915
337		4.198786  	0.063137  	0.003846
338		4.198945  	0.062035  	0.003779
339		4.199101  	0.060952  	0.003713
340		4.199254  	0.059888  	0.003648
341		4.199405  	0.058843  	0.003584
342		4.199553  	0.057816  	0.003521
343		4.199698  	0.056807  	0.003460
344		4.199841  	0.055816  	0.003399
345		4.199981  	0.054841  	0.003340
346		4.200119  	0.053884  	0.003282
347		4.200254  	0.052944  	0.003224
348		4.200387  	0.052020  	0.003168
349		4.200518  	0.051112  	0.003112
350		4.200646  	0.050220  	0.003058
351		4.200773  	0.049343  	0.003005
352		4.200897  	0.048482  	0.002952
353		4.201018  	0.047636  	0.002900
354		4.201138  	0.046804  	0.002850
355		4.201256  	0.045988  	0.002800
356		4.201371  	0.045185  	0.002751
357		4.201485  	0.044396  	0.002703
358		4.201597  	0.043621  	0.002656
359		4.201706  	0.042860  	0.002609
360		4.201814  	0.042112  	0.002564
361		4.201920  	0.041377  	0.002519
362		4.202024  	0.040655  	0.002475
363		4.202126  	0.039945  	0.002432
364		4.202226  	0.039248  	0.002389
365		4.202325  	0.038563  	0.002347
366		4.202422  	0.037890  	0.002306
367		4.202517  	0.037229  	0.002266
368		4.202611  	0.036579  	0.002226
369		4.202703  	0.035941  	0.002187
370		4.202793  	0.035313  	0.002149
371		4.202882  	0.034697  	0.002112
372		4.202969  	0.034091  	0.002075
373		4.203055  	0.033496  	0.002039
374		4.203139  	0.032912  	0.002003
375		4.203221  	0.032337  	0.001968
376		4.203303  	0.031773  	0.001934
377		4.203383  	0.031218  	0.001900
378		4.203461  	0.030674  	0.001867
379		4.203538  	0.030138  	0.001834
380		4.203614  	0.029612  	0.001802
381		4.203688  	0.029095  	0.001770
382		4.203761  	0.028588  	0.001740
383		4.203833  	0.028089  	0.001709
384		4.203904  	0.027598  	0.001679
385		4.203973  	0.027117  	0.001650
386		4.204041  	0.026643  	0.001621
387		4.204108  	0.026178  	0.001593
388		4.204174  	0.025721  	0.001565
389		4.204239  	0.025273  	0.001538
390		4.204302  	0.024831  	0.001511
391		4.204365  	0.024398  	0.001484
392		4.204426  	0.023972  	0.001458
393		4.204486  	0.023554  	0.001433
394		4.204545  	0.023143  	0.001408
395		4.204604  	0.022739  	0.001383
396		4.204661  	0.022342  	0.001359
397		4.204717  	0.021952  	0.001335
398		4.204772  	0.021569  	0.001312
399		4.204826  	0.021192  	0.001289
400		4.204880  	0.020823  	0.001267
401		4.204932  	0.020459  	0.001245
402		4.204983  	0.020102  	0.001223
403		4.205034  	0.019751  	0.001201
404		4.205083  	0.019407  	0.001181
405		4.205132  	0.019068  	0.001160
406		4.205180  	0.018735  	0.001140
407		4.205227  	0.018408  	0.001120
408		4.205274  	0.018087  	0.001100
409		4.205319  	0.017771  	0.001081
410		4.205364  	0.017461  	0.001062
411		4.205408  	0.017156  	0.001044
412		4.205451  	0.016857  	0.001025
413		4.205493  	0.016563  	0.001007
414		4.205535  	0.016273  	0.000990
415		4.205576  	0.015989  	0.000973
416		4.205616  	0.015710  	0.000956
417		4.205655  	0.015436  	0.000939
418		4.205694  	0.015167  	0.000922
419		4.205732  	0.014902  	0.000906
420		4.205770  	0.014642  	0.000891
421		4.205806  	0.014386  	0.000875
422		4.205843  	0.014135  	0.000860
423		4.205878  	0.013889  	0.000845
424		4.205913  	0.013646  	0.000830
425		4.205947  	0.013408  	0.000815
426		4.205981  	0.013174  	0.000801
427		4.206014  	0.012944  	0.000787
428		4.206047  	0.012718  	0.000773
429		4.206079  	0.012496  	0.000760
430		4.206110  	0.012278  	0.000747
431		4.206141  	0.012064  	0.000734
432		4.206171  	0.011853  	0.000721
433		4.206201  	0.011646  	0.000708
434		4.206230  	0.011443  	0.000696
435		4.206259  	0.011243  	0.000684
436		4.206287  	0.011047  	0.000672
437		4.206315  	0.010854  	0.000660
438		4.206342  	0.010665  	0.000649
439		4.206369  	0.010479  	0.000637
440		4.206395  	0.010296  	0.000626
441		4.206421  	0.010116  	0.000615
442		4.206447  	0.009940  	0.000604
443		4.206472  	0.009766  	0.000594
444		4.206496  	0.009596  	0.000584
445		4.206520  	0.009428  	0.000573
446		4.206544  	0.009264  	0.000563
447		4.206567  	0.009102  	0.000553
448		4.206590  	0.008943  	0.000544
449		4.206613  	0.008787  	0.000534
450		4.206635  	0.008634  	0.000525
451		4.206656  	0.008483  	0.000516
452		4.206678  	0.008335  	0.000507
453		4.206699  	0.008189  	0.000498
454		4.206719  	0.008047  	0.000489
455		4.206740  	0.007906  	0.000481
456		4.206759  	0.007768  	0.000472
457		4.206779  	0.007633  	0.000464
458		4.206798  	0.007499  	0.000456
459		4.206817  	0.007368  	0.000448
460		4.206836  	0.007240  	0.000440
461		4.206854  	0.007113  	0.000433
462		4.206872  	0.006989  	0.000425
463		4.206889  	0.006867  	0.000418
464		4.206906  	0.006747  	0.000410
465		4.206923  	0.006630  	0.000403
466		4.206940  	0.006514  	0.000396
467		4.206956  	0.006400  	0.000389
468		4.206973  	0.006289  	0.000382
469		4.206988  	0.006179  	0.000376
470		4.207004  	0.006071  	0.000369
471		4.207019  	0.005965  	0.000363
472		4.207034  	0.005861  	0.000356
473		4.207049  	0.005759  	0.000350
474		4.207063  	0.005658  	0.000344
475		4.207078  	0.005559  	0.000338
476		4.207091  	0.005462  	0.000332
477		4.207105  	0.005367  	0.000326
478		4.207119  	0.005273  	0.000321
479		4.207132  	0.005181  	0.000315
480		4.207145  	0.005091  	0.000310
481		4.207158  	0.005002  	0.000304
482		4.207170  	0.004915  	0.000299
483		4.207183  	0.004829  	0.000294
484		4.207195  	0.004745  	0.000288
485		4.207207  	0.004662  	0.000283
486		4.207218  	0.004580  	0.000278
487		4.207230  	0.004501  	0.000274
488		4.207241  	0.004422  	0.000269
489		4.207252  	0.004345  	0.000264
490		4.207263  	0.004269  	0.000260
491		4.207274  	0.004194  	0.000255
492		4.207285  	0.004121  	0.000251
493		4.207295  	0.004049  	0.000246
494		4.207305  	0.003979  	0.000242
495		4.207315  	0.003909  	0.000238
496		4.207325  	0.003841  	0.000234
497		4.207335  	0.003774  	0.000229
498		4.207344  	0.003708  	0.000225
499		4.207353  	0.003643  	0.000222
500		4.207363  	0.003580  	0.000218
501		4.207372  	0.003517  	0.000214
